0 
0 Name: Jail [LI2]
0 Author: 
1 15 -90 -82.4996 -290 1 0 0 0 1 0 0 0 1 30261.dat
1 72 -110 -53.4999 -170 0 -0.5 -0.866025 1 0 0 0 -0.866025 0.5 30095.dat
1 71 115.952 -167.925 177.9969 -0.5 0 0.866025 0 1 0 -0.866025 0 -0.5 44042.dat
1 15 89.9712 -143.9999 192.9969 -0.5 0 0.866025 0 1 0 -0.866025 0 -0.5 3010.dat
1 15 73.6315 -144 144.6957 0.866025 0 0.5 0 1 0 -0.5 0 0.866025 3004.dat
1 15 175.593 -143.9998 201.2982 0.866025 0 0.5 0 1 0 -0.5 0 0.866025 3008.dat
1 71 185.234 -167.9248 137.9969 -0.5 0 0.866025 0 1 0 -0.866025 0 -0.5 44042.dat
1 15 89.9712 -120 192.9969 -0.5 0 0.866025 0 1 0 -0.866025 0 -0.5 3754.dat
1 15 177.5545 -143.9998 84.6957 0.866025 0 0.5 0 1 0 -0.5 0 0.866025 3004.dat
1 15 82.2917 -120 139.6957 0.866025 0 0.5 0 1 0 -0.5 0 0.866025 2453.dat
1 15 211.2148 -143.9998 122.997 -0.5 0 0.866025 0 1 0 -0.866025 0 -0.5 3010.dat
1 15 186.2148 -119.9998 79.6957 0.866025 0 0.5 0 1 0 -0.5 0 0.866025 3005.dat
1 15 236.2148 -119.9998 166.2982 0.866025 0 0.5 0 1 0 -0.5 0 0.866025 3005.dat
1 15 175.593 -120 201.2982 0.866025 0 0.5 0 1 0 -0.5 0 0.866025 3754.dat
1 15 186.2148 -95.9998 79.6957 0.866025 0 0.5 0 1 0 -0.5 0 0.866025 3005.dat
1 15 211.2148 -119.9998 122.9969 -0.5 0 0.866025 0 1 0 -0.866025 0 -0.5 60594.dat
1 0 215.1364 -83.8748 119.2894 0.5 0 -0.866025 0 1 0 0.866025 0 0.5 62113.dat
1 15 236.2148 -95.9998 166.2982 0.866025 0 0.5 0 1 0 -0.5 0 0.866025 3005.dat
1 15 168.8942 -120 89.6956 0.866025 0 0.5 0 1 0 -0.5 0 0.866025 2453.dat
1 15 186.2148 -71.9998 79.6957 0.866025 0 0.5 0 1 0 -0.5 0 0.866025 3005.dat
1 15 236.2148 -71.9998 166.2982 0.866025 0 0.5 0 1 0 -0.5 0 0.866025 3005.dat
1 15 211.2148 -47.9998 122.997 -0.5 0 0.866025 0 1 0 -0.866025 0 -0.5 3009.dat
1 15 211.2148 -24 122.997 -0.5 0 0.866025 0 1 0 -0.866025 0 -0.5 3009.dat
1 15 90 -120 -220 0 0 -1 0 1 0 1 0 0 3754.dat
1 71 90 -143.9998 -220 0 0 1 0 1 0 -1 0 0 3009.dat
1 15 0 -191.9998 -260 0 0 1 0 1 0 -1 0 0 30180.dat
1 71 -90 -143.9998 -220 0 0 1 0 1 0 -1 0 0 3009.dat
1 15 -90 -120 -220 0 0 -1 0 1 0 1 0 0 3754.dat
1 15 0 -191.9998 -180 0 0 1 0 1 0 -1 0 0 30180.dat
1 72 0 -199.9998 -220 1 0 0 0 1 0 0 0 1 3032.dat
1 72 0 -199.9998 -170 1 0 0 0 1 0 0 0 1 6583.dat
1 72 0 -199.9998 -270 -1 0 0 0 1 0 0 0 -1 6583.dat
1 0 -249.75 -8 -89.75 1 0 0 0 1 0 0 0 1 3957.dat
1 0 -109.75 -8 -169.75 1 0 0 0 1 0 0 0 1 3957.dat
1 0 110.25 -8 -169.75 1 0 0 0 1 0 0 0 1 3957.dat
1 0 250.25 -8 -89.75 1 0 0 0 1 0 0 0 1 3957.dat
1 0 115.593 -47.9997 97.3751 0.866025 0 0.5 0 1 0 -0.5 0 0.866025 15332.dat
1 0 115.593 -95.9997 97.3751 0.866025 0 0.5 0 1 0 -0.5 0 0.866025 15332.dat
1 0 115.593 -143.9997 97.3751 0.866025 0 0.5 0 1 0 -0.5 0 0.866025 30055.dat
1 4 -89.75 -7.9996 -289.75 1 0 0 0 1 0 0 0 1 3957.dat
1 72 247.3205 -53.4998 -90.718 0 0.5 -0.866025 1 0 0 0 -0.866025 -0.5 30095.dat
1 15 -110 -127.9998 -230 1 0 0 0 1 0 0 0 1 3963.dat
1 33 -90 -159.9998 -230 1 0 0 0 1 0 0 0 1 30039.dat
1 4 -49.65 -207.9998 -169.65 1 0 0 0 1 0 0 0 1 2569.dat
1 15 110 -127.9998 -230 -1 0 0 0 1 0 0 0 -1 3963.dat
1 33 90 -159.9998 -230 1 0 0 0 1 0 0 0 1 30039.dat
