0 
0 Name: Spaceport [LI2]
0 Author: 
0 !LEOCAD SYNTH BEGIN
0 !LEOCAD SYNTH CONTROL_POINT -175 0 0 1 0 0 0 1 0 0 0 1 80
0 !LEOCAD SYNTH CONTROL_POINT 175 0 0 1 0 0 0 1 0 0 0 1 80
1 14 160.1897 -546.2545 160.0853 0.999955 0.001368 0.009424 0 -0.989626 0.143668 0.009522 -0.143661 -0.989581 72039.dat
0 !LEOCAD SYNTH END
1 72 151.8165 -559.6138 23.3377 -0.999955 -0.000128 0.009521 0 0.999909 0.01346 -0.009522 0.01346 -0.999864 6019.dat
1 71 151.9106 -551.4799 13.4467 -0.009521 -0.000128 -0.999955 -0.01346 0.999909 0 0.999864 0.01346 -0.009522 2458.dat
1 1 152.0069 -559.3445 3.3404 0.999955 -0.000128 -0.009521 0 0.999909 -0.01346 0.009522 0.01346 0.999864 4085c.dat
1 72 151.1162 -581.7961 62.7473 -0.004414 -0.008438 -0.999955 -0.886067 0.463557 -0 0.463536 0.886027 -0.009522 4276b.dat
1 72 151.1837 -585.5046 55.659 0.004414 -0.008438 0.999955 0.886067 0.463557 0 -0.463536 0.886027 0.009522 60478.dat
1 72 150.5851 -547.8121 118.5221 -0.004742 0.008258 -0.999955 0.867198 0.497963 0 0.49794 -0.867159 -0.009522 4276b.dat
1 72 150.6138 -569.1398 115.5006 0.004742 0.008258 0.999955 -0.867198 0.497963 0 -0.49794 -0.867159 0.009522 3710.dat
1 72 150.7747 -582.5001 98.6045 0.004741 0.008258 0.999955 -0.867198 0.497963 -0 -0.49794 -0.867159 0.009522 4275b.dat
1 15 159.9992 -507.8044 180.0849 -0.009522 0 -0.999955 0 1 0 0.999955 0 -0.009522 3831.dat
1 37 150.0949 -515.8046 169.9899 0.999955 0 -0.009522 0 1 0 0.009522 0 0.999955 4073.dat
1 72 150.1902 -523.8044 159.9903 0.009522 0 0.999955 0 1 0 -0.999955 0 0.009522 4275b.dat
0 !LEOCAD GROUP BEGIN Group #1
1 1 159.9993 -531.8044 180.0846 -0.009522 0 -0.999955 0 1 0 0.999955 0 -0.009522 2429.dat
1 1 159.9991 -531.8047 180.0847 0 0 -1 0 1 0 1 0 0 2430.dat
0 !LEOCAD GROUP END
1 71 150.1902 -555.8044 159.9902 -0.009522 0 -0.999955 0 1 0 0.999955 0 -0.009522 2458.dat
1 72 150.2854 -515.8044 149.9908 0.999955 0 -0.009522 0 1 0 0.009522 0 0.999955 4073.dat
1 0 39.9991 -27.8057 310.0883 1 0 0 0 1 0 0 0 1 6112.dat
1 4 -240.0008 -27.8013 -309.9115 1 0 0 0 1 0 0 0 1 3010.dat
1 71 -240.0008 -35.8013 -219.9115 0 0 -1 0 1 0 1 0 0 3033.dat
1 15 -240.0008 -155.8013 -129.9115 1 0 0 0 1 0 0 0 1 2454.dat
1 1 -220.0009 -179.8013 -129.9124 1 0 0 0 1 0 0 0 1 3010.dat
1 15 -230.0009 -187.8012 -129.9125 1 0 0 0 1 0 0 0 1 3623.dat
1 15 -250.0009 -187.8012 -129.9126 0 0 -1 0 1 0 1 0 0 76033.dat
0 !LEOCAD GROUP BEGIN Group #2
1 0 -230.0008 -235.8005 -229.9129 1 0 0 0 1 0 0 0 1 3680.dat
1 151 -230.0009 -243.8005 -209.9133 0 0 1 0 1 0 -1 0 0 3679.dat
0 !LEOCAD GROUP END
1 15 -230.0009 -187.7999 -309.9125 1 0 0 0 1 0 0 0 1 3623.dat
1 1 -220.0009 -179.7999 -309.9124 1 0 0 0 1 0 0 0 1 3010.dat
1 15 -200.0009 -155.7999 -309.9115 1 0 0 0 1 0 0 0 1 2454.dat
1 15 -240.0008 -155.8 -309.9115 1 0 0 0 1 0 0 0 1 2454.dat
1 15 -200.0009 -155.8013 -129.9115 1 0 0 0 1 0 0 0 1 2454.dat
1 0 -190.0009 -27.8025 -219.9114 0 0 1 0 1 0 -1 0 0 6111.dat
1 4 -290.0008 -27.8013 -309.9115 1 0 0 0 1 0 0 0 1 3005.dat
1 0 -290.0008 -27.8013 -129.9115 1 0 0 0 1 0 0 0 1 3005.dat
1 0 -240.0008 -27.8013 -129.9115 1 0 0 0 1 0 0 0 1 3010.dat
1 15 -250.0008 -155.8013 -159.9114 0 0 1 0 1 0 -1 0 0 2454.dat
1 1 -250.0008 -179.8013 -159.9114 0 0 1 0 1 0 -1 0 0 3004.dat
1 15 -250.0008 -187.8013 -219.9115 0 0 1 0 1 0 -1 0 0 3460.dat
1 1 -250.0008 -179.8013 -279.9115 0 0 1 0 1 0 -1 0 0 3004.dat
1 15 -250.0008 -155.8013 -279.9115 0 0 1 0 1 0 -1 0 0 2454.dat
1 1 -250.0008 -179.8013 -219.9115 0 0 -1 0 1 0 1 0 0 60596.dat
1 15 -250.0008 -211.8013 -269.9115 1 0 0 0 1 0 0 0 1 3040b.dat
1 15 -250.0008 -211.8013 -169.9115 -1 0 0 0 1 0 0 0 -1 3040b.dat
1 15 -250.0008 -211.8013 -219.9115 0 0 1 0 1 0 -1 0 0 3010.dat
1 0 -310.0008 -27.8013 -219.9114 0 0 1 0 1 0 -1 0 0 6111.dat
1 71 -310.0009 -35.8013 -219.9115 0 0 -1 0 1 0 1 0 0 4477.dat
1 0 39.999 -27.8044 130.0884 1 0 0 0 1 0 0 0 1 3039.dat
1 15 39.999 -51.8044 140.0882 1 0 0 0 1 0 0 0 1 3003.dat
1 14 39.9991 -75.8044 130.0881 1 0 0 0 1 0 0 0 1 30237.dat
1 15 39.9991 -147.8044 140.0878 1 0 0 0 1 0 0 0 1 30145.dat
1 0 39.9991 -171.8044 140.0873 1 0 0 0 1 0 0 0 1 3003.dat
1 15 39.9991 -195.8047 160.0871 1 0 0 0 1 0 0 0 1 30181.dat
1 15 129.9991 -315.8046 170.087 1 0 0 0 1 0 0 0 1 2453.dat
1 15 129.9991 -339.805 200.0861 0 0 1 0 1 0 -1 0 0 3010.dat
1 15 129.9992 -315.8051 230.0869 1 0 0 0 1 0 0 0 1 2453.dat
1 15 39.9991 -195.8051 240.087 -1 0 0 0 1 0 0 0 -1 30181.dat
1 1 139.9991 -315.8048 200.087 0 0 1 0 1 0 -1 0 0 4476.dat
1 151 149.9991 -323.8047 200.0861 0 0 -1 0 1 0 1 0 0 88072.dat
1 1 -60.0009 -315.8049 200.0869 -0 0 -1 0 1 0 1 0 -0 4476.dat
1 15 -50.0008 -339.8051 200.0861 0 0 1 0 1 0 -1 0 0 3010.dat
1 15 -50.0008 -315.8051 230.0869 1 0 0 0 1 0 0 0 1 2453.dat
1 15 -50.0009 -315.8047 170.087 1 0 0 0 1 0 0 0 1 2453.dat
1 15 39.9991 -363.805 240.0859 -1 0 0 0 1 0 0 0 -1 30181.dat
1 0 -0.0008 -387.8051 230.0857 -1 0 -0 0 1 0 0 0 -1 2877.dat
1 151 -10.0008 -411.805 230.0856 0 0 -1 0 1 0 1 0 0 3040b.dat
1 15 129.9992 -483.805 230.0857 1 0 0 0 1 0 0 0 1 2453.dat
1 15 129.9991 -507.805 200.0849 0 0 1 0 1 0 -1 0 0 3010.dat
1 1 139.9992 -483.8047 200.0859 0 0 1 0 1 0 -1 0 0 4476.dat
1 15 159.9991 -507.8047 180.0849 0 0 -1 0 1 0 1 0 0 3830.dat
1 14 149.9992 -515.8048 200.0847 0 0 1 0 1 0 -1 0 0 3023.dat
1 15 149.9992 -523.8048 200.0847 0 0 1 0 1 0 -1 0 0 3023.dat
1 1 129.9992 -555.8046 200.0846 0 0 -1 0 1 0 1 0 0 3039.dat
1 1 39.9993 -603.8048 200.0846 0 0 1 0 1 0 -1 0 0 30180.dat
1 1 -50.0008 -555.8048 200.0845 0 0 1 0 1 0 -1 0 0 3039.dat
0 !LEOCAD GROUP BEGIN Group #3
1 1 -80.0008 -531.8049 180.0846 0 0 1 0 1 0 -1 0 0 2429.dat
1 1 -80.0008 -531.8046 180.0845 -0.009898 0 0.999951 0 1 0 -0.999951 0 -0.009898 2430.dat
0 !LEOCAD GROUP END
1 15 -70.0008 -523.8049 200.0848 0 0 1 0 1 0 -1 0 0 3023.dat
1 14 -70.0008 -515.8049 200.0847 0 0 1 0 1 0 -1 0 0 3023.dat
1 15 -80.0008 -507.8049 180.085 0 0 1 0 1 0 -1 0 0 3831.dat
1 1 -60.0008 -483.8049 200.0857 -0 0 -1 0 1 0 1 0 -0 4476.dat
1 15 39.9992 -363.8046 160.086 1 0 0 0 1 0 0 0 1 30181.dat
1 15 129.9992 -483.8046 170.0858 1 0 0 0 1 0 0 0 1 2453.dat
1 15 -50.0008 -483.8046 170.0858 1 0 0 0 1 0 0 0 1 2453.dat
1 15 -50.0008 -507.805 200.0849 0 0 1 0 1 0 -1 0 0 3010.dat
1 15 39.9992 -531.8046 180.0847 1 0 0 0 1 0 0 0 1 3006.dat
1 15 -50.0008 -483.8051 230.0857 1 0 0 0 1 0 0 0 1 2453.dat
1 15 39.9991 -531.8049 240.0847 -1 0 0 0 1 0 0 0 -1 30181.dat
1 1 39.9992 -539.8052 280.0846 1 0 0 0 1 0 0 0 1 3022.dat
1 0 39.9992 -531.8054 290.0846 -1 0 -0 0 1 0 0 0 -1 2877.dat
1 15 39.9992 -507.8052 280.0851 1 0 0 0 1 0 0 0 1 30145.dat
1 14 49.9992 -435.8053 280.0853 0 0 -1 0 1 0 1 0 0 30237.dat
1 15 39.9992 -411.8053 280.0855 1 0 0 0 1 0 0 0 1 3003.dat
1 14 29.9992 -435.8054 280.0853 0 0 1 0 1 0 -1 0 0 30237.dat
1 15 39.9992 -387.8053 280.0857 1 0 0 0 1 0 0 0 1 3003.dat
1 0 39.9992 -363.8055 290.0858 -1 0 -0 0 1 0 0 0 -1 2877.dat
1 15 39.9991 -339.8053 280.0863 1 0 0 0 1 0 0 0 1 30145.dat
1 14 49.9991 -267.8054 280.0866 0 0 -1 0 1 0 1 0 0 30237.dat
1 15 39.9992 -243.8053 280.0867 1 0 0 0 1 0 0 0 1 3003.dat
1 14 29.9991 -267.8055 280.0866 0 0 1 0 1 0 -1 0 0 30237.dat
1 15 39.9992 -219.8054 280.0869 1 0 0 0 1 0 0 0 1 3003.dat
1 0 39.9991 -195.8055 290.0871 -1 0 -0 0 1 0 0 0 -1 2877.dat
1 15 39.9991 -171.8054 280.0876 1 0 0 0 1 0 0 0 1 30145.dat
1 14 49.999 -99.8054 280.0878 0 0 -1 0 1 0 1 0 0 30237.dat
1 15 39.999 -75.8054 280.088 1 0 0 0 1 0 0 0 1 3003.dat
1 15 39.9991 -51.8055 290.0881 -1 0 0 0 1 0 0 0 -1 3039.dat
1 0 39.999 -27.8055 260.0883 0 0 1 0 1 0 -1 0 0 3001.dat
1 15 39.999 -51.8054 270.0881 1 0 0 0 1 0 0 0 1 3004.dat
1 14 29.9991 -99.8055 280.0878 0 0 1 0 1 0 -1 0 0 30237.dat
1 151 39.9991 -371.8049 160.0858 0 0 1 0 1 0 -1 0 0 3795.dat
1 151 29.9991 -379.8041 160.0858 0 0 -1 0 1 0 1 0 0 6583.dat
1 151 49.9991 -379.8048 160.0858 0 0 1 0 1 0 -1 0 0 6583.dat
0 !LEOCAD GROUP BEGIN Group #4
1 0 -10.0007 -603.8046 190.0841 1 0 0 0 1 0 0 0 1 3680.dat
1 151 -10.0007 -611.8047 190.084 1 0 0 0 1 0 0 0 1 3679.dat
0 !LEOCAD GROUP END
1 151 -70.0009 -323.8049 200.086 0 0 1 0 1 0 -1 0 0 88072.dat
1 1 39.9991 -171.8051 230.0872 1 0 0 0 1 0 0 0 1 4217.dat
1 15 -70.0009 -195.8051 200.0871 0 0 1 0 1 0 -1 0 0 3037.dat
1 34 -70.0009 -203.8047 170.087 1 0 0 0 1 0 0 0 1 4073.dat
1 0 -90.0009 -171.8048 200.0873 -0 0 1 0 1 0 -1 0 -0 2877.dat
1 1 39.9991 -171.8046 170.0873 -1 0 0 0 1 0 0 0 -1 4217.dat
1 15 149.999 -195.8046 200.0871 0 0 -1 0 1 0 1 0 0 3037.dat
1 34 149.9991 -203.8046 170.087 1 0 0 0 1 0 0 0 1 4073.dat
1 0 169.9991 -171.8049 200.0872 0 0 -1 0 1 0 1 0 0 2877.dat
1 14 49.999 -75.8045 150.088 0 0 -1 0 1 0 1 0 0 2921.dat
1 151 89.999 -79.8044 143.996 0 0 1 -1 0 0 0 -1 0 4081b.dat
1 46 89.999 -79.8044 143.9961 1 0 0 0 0 1 0 -1 0 4740.dat
1 14 29.9991 -75.8045 150.088 0 0 1 0 1 0 -1 0 0 2921.dat
1 151 -10.0009 -79.8045 143.996 0 0 -1 1 0 0 0 -1 0 4081b.dat
1 46 -10.0009 -79.8044 143.9961 1 0 0 0 0 1 0 -1 0 4740.dat
1 0 39.999 -27.805 180.0884 0 0 1 0 1 0 -1 0 0 3001.dat
1 0 169.999 -27.8057 160.0883 0 0 1 0 1 0 -1 0 0 2465.dat
1 15 169.999 -147.8048 180.0882 1 0 0 0 1 0 0 0 1 30249.dat
1 15 169.999 -147.8049 220.0881 -1 0 0 0 1 0 0 0 -1 30249.dat
1 36 169.999 -35.8039 70.0882 1 0 0 0 1 0 0 0 1 4073.dat
1 0 169.999 -27.8033 -9.9116 1 0 0 0 1 0 0 0 1 4286.dat
1 0 -90.0009 -27.8057 160.0883 0 0 1 0 1 0 -1 0 0 2465.dat
1 15 -90.0009 -147.8049 180.0882 1 0 0 0 1 0 0 0 1 30249.dat
1 15 -90.0009 -147.805 220.0881 -1 0 0 0 1 0 0 0 -1 30249.dat
1 36 -90.001 -35.804 70.0882 1 0 0 0 1 0 0 0 1 4073.dat
1 0 -90.0009 -27.8034 -9.9116 1 0 0 0 1 0 0 0 1 4286.dat
1 15 -190.0008 -179.8 -259.9124 0 0 -1 0 1 0 1 0 0 3297.dat
1 15 -190.0009 -187.7999 -259.9126 0 0 -1 0 1 0 1 0 0 3666.dat
1 15 -190.0009 -211.8005 -219.9127 0 0 -1 0 1 0 1 0 0 3004.dat
1 33 -190.0009 -211.8002 -269.9127 1 0 0 0 1 0 0 0 1 3040b.dat
1 33 -190.0009 -211.8003 -249.9127 1 0 0 0 1 0 0 0 1 3005.dat
1 33 -190.001 -155.8001 -259.9117 0 0 -1 0 1 0 1 0 0 72475.dat
1 0 -200.001 -59.8001 -219.9117 0 0 1 0 1 0 -1 0 0 3007.dat
1 33 -190.0009 -211.8008 -189.9126 1 0 0 0 1 0 0 0 1 3005.dat
1 15 -190.0009 -187.8008 -159.9125 0 0 -1 0 1 0 1 0 0 3710.dat
1 15 -190.0008 -179.8006 -179.9124 0 0 -1 0 1 0 1 0 0 3297.dat
1 33 -190.0009 -155.8007 -179.9117 0 0 -1 0 1 0 1 0 0 4872.dat
1 33 -190.0009 -211.8009 -169.9126 -1 0 0 0 1 0 0 0 -1 3040b.dat
1 15 -190.0009 -83.8009 -179.9117 0 0 1 0 1 0 -1 0 0 3039.dat
1 15 -190.0009 -83.8004 -259.9117 0 0 1 0 1 0 -1 0 0 3039.dat
1 1 -255.2508 -175.3013 -252.6615 0 0 -1 0 -1 0 -1 0 -0 76041.dat
1 15 -0.0007 -635.8048 210.0841 1 0 0 0 1 0 0 0 1 3937.dat
1 0 -0.0007 -625.8047 200.084 -1 0 0 0 0 1 0 1 0 3938.dat
1 15 -0.0007 -625.8047 192.084 1 0 0 0 0 -1 0 1 0 2431.dat
1 15 -230.0009 -267.8005 -219.9132 0 0 1 0 1 0 -1 0 0 3937.dat
1 0 -235.8788 -265.8907 -219.9133 0 0.587791 0.809013 0 0.809013 -0.587791 -1 0 0 3938.dat
1 15 -240.5812 -272.3628 -219.9133 -0 0.587791 0.809013 0 0.809013 -0.587791 -1 0 -0 30209.dat
1 334 -213.9542 -286.7529 -219.8898 0.415631 -0.809013 -0.415632 0.572059 0.587791 -0.572058 0.707107 0 0.707107 30208.dat
1 71 39.9992 -51.8026 -109.9119 -1 0 0 0 1 0 0 0 -1 3009.dat
1 4 69.9992 -107.8029 -79.9125 0 0 1 0 1 0 -1 0 0 2412b.dat
1 14 39.9991 -99.8029 -79.9124 -1 0 0 0 1 0 0 0 -1 3795.dat
1 0 39.9992 -107.8029 -79.9126 0 0 1 0 1 0 -1 0 0 3022.dat
1 4 9.9992 -107.8029 -79.9125 0 0 1 0 1 0 -1 0 0 2412b.dat
1 0 99.9992 -107.8041 0.0874 0 0 1 0 1 0 -1 0 0 3832.dat
1 14 109.9991 -99.8033 -59.9125 0 0 1 0 1 0 -1 0 0 6583.dat
1 0 -20.0008 -107.8041 0.0875 0 0 1 0 1 0 -1 0 0 3832.dat
1 14 -30.0008 -99.8026 -59.9124 0 0 -1 0 1 0 1 0 0 6583.dat
1 14 109.9991 -99.8035 20.0875 0 0 -1 0 1 0 1 0 0 44567.dat
1 71 109.9991 -91.8023 -19.9119 0 0 -1 0 1 0 1 0 0 30296.dat
1 0 39.9991 -99.8024 -129.9125 -1 0 0 0 1 0 0 0 -1 3460.dat
1 14 59.9991 -91.802 -149.912 1 0 -0 0 1 0 0 0 1 6087.dat
1 0 39.9991 -99.8026 -109.9125 -1 0 0 0 1 0 0 0 -1 3666.dat
0 !LEOCAD GROUP BEGIN Group #5
1 14 29.874 -51.802 -190.0371 -1 0 0 0 1 0 -0 0 -1 4592.dat
1 0 29.9991 -53.3021 -189.9121 -1 0 0 0 1 0 -0 0 -1 4593.dat
0 !LEOCAD GROUP END
1 14 19.999 -91.802 -149.912 1 0 -0 0 1 0 0 0 1 6087.dat
1 0 9.9991 -67.8022 -169.912 1 0 0 0 1 0 0 0 1 3040b.dat
1 71 39.9991 -83.8027 -109.9122 1 0 0 0 1 0 0 0 1 4445.dat
1 71 99.9991 -83.8033 -19.9122 0 0 1 0 1 0 -1 0 0 3003.dat
1 71 99.9992 -51.803 -69.912 0 0 1 0 1 0 -1 0 0 3002.dat
1 0 99.9992 -59.804 -19.9122 0 0 1 0 1 0 -1 0 0 2445.dat
1 4 109.9993 -51.8024 -119.9118 0 0 -1 0 1 0 1 0 0 2458.dat
1 14 89.999 -99.8039 40.0875 0 0 1 0 1 0 -1 0 0 3710.dat
1 4 109.9992 -51.8031 -19.9119 0 0 -1 0 1 0 1 0 0 2458.dat
1 71 -30.0009 -91.8042 -19.9121 0 0 1 0 1 0 -1 0 0 30296.dat
1 71 -20.0008 -83.8034 -19.9123 0 0 1 0 1 0 -1 0 0 3003.dat
1 14 -30.0009 -99.8036 20.0874 0 0 1 0 1 0 -1 0 0 44567.dat
1 71 -20.0009 -51.8031 -69.912 0 0 1 0 1 0 -1 0 0 3002.dat
1 0 -20.0009 -59.8041 -19.9123 0 0 1 0 1 0 -1 0 0 2445.dat
1 4 -30.0009 -51.8027 -119.912 0 0 1 0 1 0 -1 0 0 2458.dat
1 14 109.9991 -99.8038 60.0876 0 0 -1 0 1 0 1 0 0 44567.dat
1 4 99.9992 -115.8041 80.0874 0 0 1 0 1 0 -1 0 0 3022.dat
1 71 39.9991 -51.8034 -19.9119 -1 0 0 0 1 0 0 0 -1 2456.dat
1 14 -10.0009 -99.8039 40.0875 0 0 1 0 1 0 -1 0 0 3710.dat
1 0 99.9991 -27.8039 -19.9119 0 0 1 0 1 0 -1 0 0 3832.dat
1 4 -30.0008 -51.8034 -19.9121 0 0 1 0 1 0 -1 0 0 2458.dat
1 4 -20.0009 -115.8041 80.0875 0 0 1 0 1 0 -1 0 0 3022.dat
1 14 -30.0009 -99.8039 60.0875 0 0 1 0 1 0 -1 0 0 44567.dat
1 14 99.9991 -99.8041 90.0876 -1 0 0 0 1 0 0 0 -1 3023.dat
1 0 -20.0009 -27.804 -19.912 0 0 1 0 1 0 -1 0 0 3832.dat
1 71 99.9991 -51.8037 30.088 0 0 1 0 1 0 -1 0 0 3002.dat
1 14 -20.0009 -99.8041 90.0876 -1 0 0 0 1 0 0 0 -1 3023.dat
1 71 39.9992 -83.8039 70.0879 -1 0 0 0 1 0 0 0 -1 4445.dat
1 71 -20.0009 -51.8038 30.088 0 0 1 0 1 0 -1 0 0 3002.dat
1 4 109.9992 -51.8039 80.0882 0 0 -1 0 1 0 1 0 0 2458.dat
1 14 39.9991 -59.804 90.0879 -1 0 0 0 1 0 0 0 -1 88072.dat
1 71 39.9992 -51.8039 80.088 1 0 0 0 1 0 0 0 1 2456.dat
1 4 -30.0009 -51.8041 80.088 0 0 1 0 1 0 -1 0 0 2458.dat
1 15 -60.0007 -41.7526 -119.9119 -0 0 1 0 1 0 -1 0 -0 30285.dat
1 0 -61.0007 -41.7526 -119.9119 0 0 1 0 1 0 -1 0 0 30648.dat
1 14 -51.8007 -168.0039 60.0871 0 1 0 1 0 0 0 0 -1 3023.dat
1 0 -59.8007 -168.0039 60.0868 0 1 0 1 0 0 0 0 -1 6636.dat
1 14 -51.8007 -128.0039 60.0874 0 1 0 1 0 0 0 0 -1 44302.dat
1 15 -60.0008 -41.7533 -19.912 -0 0 1 0 1 0 -1 0 -0 30285.dat
1 0 -61.0008 -41.7533 -19.912 0 0 1 0 1 0 -1 0 0 30648.dat
1 0 139.7991 -168.0039 60.0866 0 -1 0 1 0 0 0 0 1 6636.dat
1 14 131.7992 -168.0039 60.0869 0 -1 0 1 0 0 0 0 1 3023.dat
1 14 131.7991 -128.0039 60.0875 0 -1 0 1 0 0 -0 0 1 44302.dat
1 0 138.9993 -41.7525 -119.9119 0 0 1 0 1 0 -1 0 0 30648.dat
1 15 139.9994 -41.7525 -119.9119 0 0 -1 0 1 0 1 0 0 30285.dat
1 14 -51.8008 -168.0035 20.0871 0 1 0 1 0 0 0 0 -1 3023.dat
1 0 -59.8008 -168.0036 20.0868 0 1 0 1 0 0 0 0 -1 6636.dat
1 14 -51.8008 -128.0036 20.0875 0 1 0 1 0 0 0 0 -1 44302.dat
1 15 -60.0008 -41.7541 80.088 -0 0 1 0 1 0 -1 0 -0 30285.dat
1 0 -61.0008 -41.7541 80.088 0 0 1 0 1 0 -1 0 0 30648.dat
1 0 138.9993 -41.754 80.0882 0 0 1 0 1 0 -1 0 0 30648.dat
1 15 139.9993 -41.754 80.0882 0 0 -1 0 1 0 1 0 0 30285.dat
1 0 138.9993 -41.7532 -19.9118 0 0 1 0 1 0 -1 0 0 30648.dat
1 15 139.9993 -41.7532 -19.9118 0 0 -1 0 1 0 1 0 0 30285.dat
1 0 139.7991 -168.0036 20.0868 0 -1 0 1 0 0 0 0 1 6636.dat
1 14 131.7992 -168.0035 20.0871 0 -1 0 1 0 0 0 0 1 3023.dat
1 14 131.7991 -128.0035 20.0876 0 -1 0 1 0 0 -0 0 1 44302.dat
1 0 169.9992 -309.9295 148.0858 -0 0 -1 -0 -1 -0 -1 -0 0 4360.dat
1 46 169.9992 -341.9295 158.0858 1 0 0 0 0 1 0 -1 0 4073.dat
1 15 -80.0008 -507.8046 180.0849 -0.009898 0 0.999951 0 1 0 -0.999951 0 -0.009898 3830.dat
1 37 -70.1003 -515.8046 169.9862 0.009898 0 -0.999951 0 1 0 0.999951 0 0.009898 4073.dat
1 72 -70.1992 -523.8044 159.9866 -0.009898 0 0.999951 0 1 0 -0.999951 0 -0.009898 4275b.dat
1 72 -70.2982 -515.8044 149.9872 0.999951 0 0.009898 0 1 0 -0.009898 0 0.999951 4073.dat
1 71 -70.1993 -555.8046 159.9865 -0.009898 0 0.999951 0 1 0 -0.999951 0 -0.009898 2458.dat
0 !LEOCAD SYNTH BEGIN
0 !LEOCAD SYNTH CONTROL_POINT -175 0 0 1 0 0 0 1 0 0 0 1 80
0 !LEOCAD SYNTH CONTROL_POINT 175 0 0 1 0 0 0 1 0 0 0 1 80
1 14 -80.1988 -546.2545 160.0853 -0.999951 -0.000711 -0.009873 0 0.997418 -0.071813 0.009898 -0.071809 -0.997369 72039.dat
0 !LEOCAD SYNTH END
1 72 -71.2225 -559.6138 23.3281 -0.999951 0.000132 -0.009855 0 0.999909 0.01346 0.009856 0.013459 -0.999861 6019.dat
1 71 -71.32 -551.4799 13.4372 -0.009855 0.000132 0.999951 0.01346 0.999909 0 -0.999861 0.013459 -0.009856 2458.dat
1 1 -71.4196 -559.3445 3.331 0.999951 0.000132 0.009855 0 0.999909 -0.01346 -0.009856 0.013459 0.999861 4085c.dat
1 0 -27.6193 -565.2005 -17.1295 -0.003184 0.999951 0.009372 -0.946813 0 -0.321785 -0.32177 -0.009898 0.946766 4740.dat
1 36 -51.6181 -565.2005 -16.8919 -0.003184 0.999951 0.009372 -0.946813 0 -0.321785 -0.32177 -0.009898 0.946766 3062b.dat
1 0 -75.617 -565.2005 -16.6543 0.009897 0.999951 0.000132 -0.013455 0 0.99991 0.999861 -0.009898 0.013455 4599.dat
1 72 -71.159 -581.7961 62.7439 0.004569 0.008733 -0.999951 -0.886067 0.463557 -0 0.463534 0.886024 0.009856 4276b.dat
1 72 -71.2288 -585.5046 55.6557 -0.004569 0.008733 0.999952 0.886067 0.463557 0 -0.463534 0.886024 -0.009856 60478.dat
1 72 -70.639 -569.1398 115.497 -0.004908 -0.008547 0.999951 -0.867198 0.497963 0 -0.497939 -0.867156 -0.009856 3710.dat
1 72 -70.6092 -547.8121 118.5185 0.004908 -0.008547 -0.999951 0.867198 0.497963 0 0.497939 -0.867156 0.009856 4276b.dat
1 72 -70.8055 -582.5001 98.601 -0.004908 -0.008547 0.999951 -0.867198 0.497963 -0 -0.497939 -0.867156 -0.009856 4275b.dat
1 4 90.3493 -611.8049 210.434 1 0 0 0 1 0 0 0 1 2569.dat
1 151 89.9992 -587.8046 170.0842 0 0 -1 0 1 0 1 0 0 3963.dat
1 36 89.9993 -619.8045 170.084 1 0 0 0 1 0 0 0 1 30039.dat
1 0 -90.0009 -313.9296 148.0858 -0 0 -1 -0 -1 -0 -1 -0 0 4360.dat
1 46 -90.0009 -345.9295 158.0858 1 0 0 0 0 1 0 -1 0 4073.dat
1 0 156.1976 -565.2005 -16.6466 0.009521 -0.999955 -0.000128 0.01346 0 0.999909 -0.999864 -0.009522 0.013459 4599.dat
1 34 132.1987 -565.2005 -16.875 0.000128 -0.999955 0.009521 -0.999909 0 0.01346 -0.013459 -0.009522 -0.999864 3062b.dat
1 0 108.1998 -565.2005 -17.1036 0.000128 -0.999955 0.009521 -0.999909 0 0.01346 -0.013459 -0.009522 -0.999864 4740.dat
1 15 70 -797.7499 14.4498 0 0 -1 -1 0 0 0 1 0 90194.dat
1 151 70.0001 -797.75 22.4498 0 0 -1 -1 0 0 0 1 0 90194.dat
1 15 40 -767.75 -25.5503 -1 0 0 0 0 1 0 1 0 6152.dat
1 33 39.9999 -707.7499 -57.5503 -1 0 0 0 0 1 0 1 0 6152.dat
1 15 70.0001 -677.7498 -57.5502 0 0 -1 -1 0 0 0 1 0 90194.dat
1 0 39.9999 -777.7499 22.4499 1 0 -0 -0 0 -1 0 1 0 4856.dat
1 151 40.0001 -777.7499 14.4499 -1 0 0 0 0 1 0 1 0 3710.dat
1 151 90.0001 -737.7499 14.4499 0 0 -1 -1 0 0 0 1 0 2450.dat
1 151 39.9999 -757.7499 -9.5502 1 0 0 0 0 -1 0 1 0 3039.dat
1 4 39.9999 -747.75 14.4498 0 0 1 1 0 0 0 1 0 3003.dat
1 151 -10 -737.7499 14.4499 -1 0 0 0 0 1 0 1 0 2450.dat
1 15 70.0001 -707.7499 6.4498 0 0 1 1 0 0 0 1 0 3460.dat
1 15 9.9999 -707.7499 6.4498 0 0 1 1 0 0 0 1 0 3460.dat
1 34 70.0001 -717.7499 22.4499 0 0 1 1 0 0 0 1 0 3005.dat
1 46 70.0002 -677.7498 -25.5502 0 0 1 1 0 0 0 1 0 4073.dat
1 4 70.0002 -677.7498 -17.5502 0 0 1 1 0 0 0 1 0 3005.dat
1 36 9.9999 -717.7499 22.4499 0 0 1 1 0 0 0 1 0 3005.dat
1 46 10 -677.7499 -25.5502 0 0 1 1 0 0 0 1 0 4073.dat
1 4 10 -677.7498 -17.5502 0 0 1 1 0 0 0 1 0 3005.dat
1 0 40 -697.7499 46.4499 -1 0 -0 -0 0 1 0 1 0 50303.dat
1 4 39.9999 -717.7499 38.4499 -1 0 0 0 0 1 0 1 0 2412b.dat
1 151 39.9999 -727.75 54.4499 1 0 0 0 0 -1 0 1 0 4860.dat
1 15 40 -667.75 -73.5502 0 0 1 1 0 0 0 1 0 3068b.dat
1 15 40.0003 -647.7499 -65.5501 -1 0 0 0 0 1 0 1 0 3020.dat
1 15 70.0001 -647.7499 -57.5502 0 0 -1 -1 0 0 0 1 0 3039.dat
1 15 40 -647.7499 -57.55 0 0 1 1 0 0 0 1 0 3003.dat
1 15 10 -647.7499 -57.55 0 0 1 1 0 0 0 1 0 3039.dat
1 15 40.0002 -647.7499 -33.5501 -1 0 0 0 0 1 0 1 0 2456.dat
1 14 40 -647.7499 -9.5502 -1 0 0 0 0 1 0 1 0 3020.dat
1 151 40 -647.7499 -1.5502 -1 0 0 0 0 1 0 1 0 3020.dat
1 34 90.0001 -717.75 -17.5502 0 0 1 1 0 0 0 1 0 3024.dat
1 15 90.0003 -697.7501 -25.5503 0 0 1 1 0 0 0 1 0 3623.dat
1 1 90.0003 -687.75 -17.5503 0 0 1 1 0 0 0 1 0 3023.dat
1 15 90.0003 -687.7499 -9.5503 0 0 1 1 0 0 0 1 0 3010.dat
1 151 90.0003 -667.75 14.4498 0 0 1 1 0 0 0 1 0 3710.dat
1 1 90 -637.7499 -9.5502 0 0 -1 -1 0 0 0 1 0 4070.dat
1 15 128 -627.7499 0.4498 0 -1 0 1 0 0 0 0 1 2432.dat
1 15 39.9999 -647.7499 6.4498 0 0 1 1 0 0 0 1 0 3022.dat
1 4 40.0001 -677.7498 6.4498 -1 0 0 0 0 1 0 1 0 2432.dat
1 0 40.0001 -667.7499 22.4501 0 0 -1 -1 0 -0 0 1 0 60219.dat
1 36 -9.9999 -717.7499 -17.5502 0 0 1 1 0 0 0 1 0 3024.dat
1 15 -9.9999 -697.7499 -25.5503 0 0 1 1 0 0 0 1 0 3623.dat
1 1 -9.9999 -687.7499 -17.5504 0 0 1 1 0 0 0 1 0 3023.dat
1 15 -10 -687.7499 -9.5503 0 0 1 1 0 0 0 1 0 3010.dat
1 151 -9.9999 -667.7498 14.4498 0 0 1 1 0 0 0 1 0 3710.dat
1 1 -10 -637.7499 -9.5503 0 0 1 1 0 0 0 1 0 4070.dat
1 15 70.0001 -617.7498 -65.5502 -1 0 -0 -0 0 1 0 1 0 2420.dat
1 15 70.0001 -607.7498 -57.5503 0 0 -1 -1 0 0 0 1 0 3039.dat
1 15 40.0001 -607.7498 -33.5502 -1 0 0 0 0 1 0 1 0 2456.dat
1 15 40 -617.7499 -57.5503 1 0 0 0 0 -1 0 1 0 3039.dat
1 15 10 -617.7498 -65.5499 -0 0 1 1 0 0 0 1 0 2420.dat
1 15 10 -607.7499 -57.5503 0 0 1 1 0 0 0 1 0 3039.dat
1 1 90.0001 -617.7499 -9.5502 0 0 -1 -1 0 0 0 1 0 4070.dat
1 1 60 -647.7499 14.4499 0 0 1 1 0 -0 0 1 0 6232.dat
1 15 40.0002 -617.7498 -9.5502 -1 0 0 0 0 1 0 1 0 3010.dat
1 15 -48 -627.7498 0.4497 0 1 0 -1 0 0 0 0 1 2432.dat
1 1 20 -647.7499 14.4499 0 0 1 1 0 -0 0 1 0 6232.dat
1 1 -10 -617.7498 -9.5502 0 0 1 1 0 0 0 1 0 4070.dat
1 151 90.0001 -607.7499 14.4499 0 0 1 1 0 0 0 1 0 3023.dat
1 15 40.0001 -597.7499 -9.5502 -1 0 0 0 0 1 0 1 0 3894.dat
1 1 40.0001 -617.7499 14.4499 -1 0 0 0 0 1 0 1 0 3701.dat
1 151 -9.9999 -607.7499 14.4499 0 0 1 1 0 0 0 1 0 3023.dat
1 1 40 -597.7499 14.4499 1 0 0 0 0 -1 0 1 0 3037.dat
1 0 40 -587.7499 22.4499 0 0 -1 -1 0 -0 0 1 0 60219.dat
1 334 70.0002 -567.7498 -65.5499 0 0 1 1 0 0 0 1 0 2412b.dat
1 15 70.0002 -507.75 -57.5503 0 0 -1 -1 0 0 0 1 0 4445.dat
1 15 70.0002 -507.7499 -65.5502 0 0 1 1 0 0 0 1 0 3710.dat
1 15 90.0001 -507.7501 -33.5502 0 0 1 1 0 0 0 1 0 3008.dat
1 15 90.0001 -507.75 -9.5502 0 0 1 1 0 0 0 1 0 3008.dat
1 15 70.0002 -447.7556 -65.5502 0 0 1 1 0 0 0 1 0 3069b.dat
1 15 90.0001 -507.7501 14.4499 0 0 1 1 0 0 0 1 0 3460.dat
1 334 10 -567.7498 -65.5499 0 0 1 1 0 0 0 1 0 2412b.dat
1 15 10.0001 -507.7499 -57.5503 0 0 1 1 0 0 0 1 0 4445.dat
1 15 10.0001 -507.7498 -65.5503 0 0 1 1 0 0 0 1 0 3710.dat
1 15 -9.9999 -507.7499 -33.5502 0 0 1 1 0 0 0 1 0 3008.dat
1 15 -9.9999 -507.7498 -9.5502 0 0 1 1 0 0 0 1 0 3008.dat
1 15 10.0001 -447.7555 -65.5502 0 0 1 1 0 0 0 1 0 3069b.dat
1 15 -9.9999 -507.75 14.4499 0 0 1 1 0 0 0 1 0 3460.dat
1 0 40 -507.7499 22.4499 0 0 -1 -1 0 -0 0 1 0 60219.dat
1 0 40.0001 -507.7499 46.4499 0 0 1 1 0 0 0 1 0 3029.dat
1 0 50.0001 -407.75 -57.5502 0 0 -1 -1 0 -0 0 1 0 4275b.dat
1 15 40.0002 -407.75 -65.5502 -1 0 0 0 0 1 0 1 0 3020.dat
1 0 30.0002 -407.75 -57.5502 0 0 -1 -1 0 -0 0 1 0 4275b.dat
1 15 70.0001 -407.7501 -57.5502 0 0 -1 -1 0 0 0 1 0 3039.dat
1 14 40.0002 -407.75 -49.5502 0 0 1 1 0 0 0 1 0 3022.dat
1 151 40.0001 -407.75 -41.5503 0 0 1 1 0 0 0 1 0 3022.dat
1 15 10.0001 -407.75 -57.5502 0 0 1 1 0 0 0 1 0 3039.dat
1 15 90 -397.7501 -33.5502 0 0 -1 -1 0 -0 0 1 0 2357.dat
1 1 40.0002 -417.7501 -33.5501 -1 0 0 0 0 1 0 1 0 2352.dat
1 15 90.0001 -417.75 -9.5502 0 0 1 1 0 0 0 1 0 3005.dat
1 15 -9.9999 -397.7502 -33.5502 1 0 0 0 0 -1 0 1 0 2357.dat
1 0 40.0001 -397.7502 -33.5502 -1 0 -0 -0 0 1 0 1 0 2877.dat
1 15 -9.9999 -417.75 -9.5502 0 0 1 1 0 0 0 1 0 3005.dat
1 1 90.0001 -397.7502 -9.5502 0 0 -1 -1 0 0 0 1 0 4070.dat
1 151 90.0002 -407.75 14.4499 0 0 1 1 0 0 0 1 0 3023.dat
1 15 128 -387.7502 0.4498 0 -1 0 1 0 0 0 0 1 2432.dat
1 0 40.0001 -427.7499 22.4499 0 0 -1 -1 0 -0 0 1 0 60219.dat
1 15 40.0001 -397.7502 -9.5502 -1 0 0 0 0 1 0 1 0 3010.dat
1 1 -9.9999 -397.7502 -9.5503 0 0 1 1 0 0 0 1 0 4070.dat
1 1 90.0004 -377.75 -9.5002 0 0 -1 -1 0 0 0 1 0 4070.dat
1 151 -9.9998 -407.75 14.4499 0 0 1 1 0 0 0 1 0 3023.dat
1 15 -47.9998 -387.7501 0.4497 0 1 0 -1 0 0 0 0 1 2432.dat
1 1 60 -397.75 14.4499 1 0 0 0 0 -1 0 1 0 2458.dat
1 1 -9.9998 -377.7502 -9.5003 0 0 1 1 0 0 0 1 0 4070.dat
1 15 40.0006 -367.7502 -65.3501 -1 0 0 0 0 1 0 1 0 3020.dat
1 1 40.0005 -377.7502 -57.35 -1 0 0 0 0 1 0 1 0 3004.dat
1 15 70.0006 -357.7502 -57.3502 0 0 -1 -1 0 0 0 1 0 3038.dat
1 15 10.0003 -357.7503 -57.3502 0 0 1 1 0 0 0 1 0 3038.dat
1 15 40.0005 -347.7504 -33.35 1 0 0 0 0 -1 0 1 0 44042.dat
1 15 40.0004 -377.75 -9.5002 -1 0 0 0 0 1 0 1 0 3010.dat
1 34 90.0002 -377.75 14.5 0 0 1 1 0 0 0 1 0 3005.dat
1 1 20 -397.7501 14.4499 1 0 0 0 0 -1 0 1 0 2458.dat
1 1 40.0003 -377.75 14.5 -1 0 0 0 0 1 0 1 0 3701.dat
1 36 -9.9999 -377.7502 14.4999 0 0 1 1 0 0 0 1 0 3005.dat
1 15 70.0007 -297.7503 -57.35 0 0 -1 -1 0 0 0 1 0 3038.dat
1 15 10.0003 -297.7504 -57.35 0 0 1 1 0 0 0 1 0 3038.dat
1 15 40.0004 -287.7501 -57.5002 0 0 -1 -1 0 0 0 1 0 3007.dat
1 15 40.0006 -257.7503 -81.5001 -1 0 -0 -0 0 1 0 1 0 6069.dat
1 15 40.0003 -327.7503 -9.4251 1 0 0 0 0 -1 0 1 0 44042.dat
1 15 10.0002 -357.7504 14.5 0 0 1 1 0 0 0 1 0 3665.dat
1 15 40.0003 -357.7499 14.5 1 0 0 0 0 -1 0 1 0 3004.dat
1 15 70.0005 -347.75 14.5 0 0 -1 -1 0 0 0 1 0 3660.dat
1 15 10.0002 -327.7504 14.5 0 0 1 1 0 0 0 1 0 3660.dat
1 15 70.0005 -307.7501 14.4999 0 0 -1 -1 0 0 0 1 0 3660.dat
1 15 40.0003 -267.7504 -33.3502 1 0 0 0 0 -1 0 1 0 44042.dat
1 0 90.0005 -247.7501 -57.3502 0 0 -1 -1 0 0 0 1 0 3937.dat
1 15 50.0004 -217.7502 -81.5002 0 0 -1 -1 0 0 0 1 0 3038.dat
1 0 -9.9999 -247.7503 -57.4999 0 0 1 1 0 0 0 1 0 3937.dat
1 15 30.0002 -217.7503 -81.5001 0 0 1 1 0 0 0 1 0 3038.dat
1 15 70.0006 -227.7502 -57.5001 0 0 -1 -1 0 0 0 1 0 3010.dat
1 15 10.0003 -227.7502 -57.5001 0 0 -1 -1 0 0 0 1 0 3010.dat
1 15 10.0002 -287.7504 14.5 0 0 1 1 0 0 0 1 0 3660.dat
1 0 130.0001 -267.75 38.5 0 0 -1 -1 0 -0 0 1 0 3586.dat
1 46 110.0002 -287.75 46.5 0 0 1 1 0 0 0 1 0 3023.dat
1 15 40.0003 -247.7504 -9.4252 1 0 0 0 0 -1 0 1 0 44042.dat
1 15 70.0003 -267.75 14.5 0 0 -1 -1 0 0 0 1 0 3660.dat
1 15 50.0004 -197.7501 38.5001 -0 0 1 1 0 0 0 1 0 93888.dat
1 15 40.0001 -267.75 38.5 0 0 1 1 0 0 0 1 0 2445.dat
1 15 130.0003 -247.75 30.5 0 0 1 1 0 0 0 1 0 2412b.dat
1 15 40.0003 -207.7503 -33.5 1 0 0 0 0 -1 0 1 0 2456.dat
1 15 40.0003 -197.7501 -57.5001 1 0 0 0 0 -1 0 1 0 3700.dat
1 0 90.0885 -207.7501 -57.4715 0 0 -1 -1 0 0 0 1 0 3937.dat
1 0 -9.9997 -207.7503 -57.5002 0 0 1 1 0 0 0 1 0 3937.dat
1 0 40.0001 -267.7502 46.5 0 0 1 1 0 0 0 1 0 3028.dat
1 36 40.0004 -187.7503 -48.0002 0 0 -1 0 1 0 1 0 0 4073.dat
1 15 10.0002 -247.7504 14.4999 0 0 1 1 0 0 0 1 0 3660.dat
1 0 -50 -267.7502 38.4999 0 0 1 1 0 0 0 1 0 3585.dat
1 46 -29.9999 -287.7501 46.5 0 0 1 1 0 0 0 1 0 3023.dat
1 15 70.0005 -227.75 14.5 0 0 -1 -1 0 0 0 1 0 3660.dat
1 15 80.0005 -197.7501 -9.5001 1 0 0 0 0 -1 0 1 0 3700.dat
1 15 -49.9999 -247.75 30.4999 0 0 1 1 0 0 0 1 0 2412b.dat
1 15 40.0003 -197.7501 -9.5001 1 0 0 0 0 -1 0 1 0 3004.dat
1 36 40.0004 -179.7502 -48.0002 0 0 -1 0 1 0 1 0 0 6233.dat
1 15 130.0003 -207.7501 30.5 0 0 1 1 0 0 0 1 0 2412b.dat
1 36 80.0004 -187.7502 0 0 0 -1 0 1 0 1 0 0 4073.dat
1 15 0.0003 -197.7503 -9.5001 1 0 0 0 0 -1 0 1 0 3700.dat
1 15 70.0005 -197.7501 14.5001 0 0 -1 -1 0 0 0 1 0 3665.dat
1 0 90.0002 -297.7499 78.5 0 0 -1 -1 0 -0 0 1 0 93888.dat
1 151 100.0002 -287.7499 78.5 -1 0 -0 -0 0 1 0 1 0 4860.dat
1 15 10.0002 -207.7504 14.5 0 0 1 1 0 0 0 1 0 3660.dat
1 15 110.0002 -207.7499 46.5 0 0 1 1 0 0 0 1 0 3666.dat
1 36 0.0004 -187.7502 0 0 0 -1 0 1 0 1 0 0 4073.dat
1 36 80.0004 -179.7502 -0 0 0 -1 0 1 0 1 0 0 6233.dat
1 0 -29.9999 -297.7501 78.4999 0 0 -1 -1 0 -0 0 1 0 93888.dat
1 151 -19.9998 -287.7502 78.4999 -1 0 -0 -0 0 1 0 1 0 4860.dat
1 15 -49.9999 -207.7501 30.4999 0 0 1 1 0 0 0 1 0 2412b.dat
1 15 -29.9999 -207.7502 46.5 0 0 1 1 0 0 0 1 0 3666.dat
1 15 130.0003 -167.7501 30.5 0 0 1 1 0 0 0 1 0 2412b.dat
1 36 0.0003 -179.7503 -0 0 0 -1 0 1 0 1 0 0 6233.dat
1 71 80.0003 -131.7502 0 0 0 1 0 1 0 -1 0 0 4073.dat
1 15 -49.9999 -167.75 30.5 0 0 1 1 0 0 0 1 0 2412b.dat
1 71 0.0003 -131.7503 0 0 0 1 0 1 0 -1 0 0 4073.dat
1 151 29.2501 -743.4999 83.7042 -0 0 1 1 0 0 0 1 0 4624.dat
1 0 22.25 -743.4999 83.7042 0 0 -1 -1 0 -0 0 1 0 3139.dat
1 0 42.75 -743.5 83.7043 0 0 -1 -1 0 -0 0 1 0 3139.dat
1 151 50.7499 -743.4999 83.7042 0 0 -1 -1 0 -0 0 1 0 4624.dat
1 0 40.0003 -597.7501 -97.5499 -1 0 0 0 0 1 0 1 0 2432.dat
1 15 40.0001 -527.7501 -65.5499 0 0 1 1 0 0 0 1 0 3034.dat
1 71 50.0003 -467.75 -57.55 -0 0 1 1 0 0 0 1 0 4276b.dat
1 71 30.0002 -467.7501 -57.5499 -0 0 1 1 0 0 0 1 0 4276b.dat
1 4 -15.8779 -247.7502 -55.5901 0 0.587785 -0.809017 -1 0 -0 -0 0.809017 0.587785 6134.dat
1 15 -38.0746 -197.7502 -69.1287 -0.809017 0.587786 -0 -0 0 1 0.587786 0.809017 0 6069.dat
1 14 -28.6701 -207.7503 -56.1845 0 0.587785 0.809017 1 0 0 0 0.809017 -0.587785 3022.dat
1 4 -15.8776 -207.7502 -55.5903 0 0.587785 -0.809017 -1 0 -0 -0 0.809017 0.587785 6134.dat
1 1 -33.3724 -187.7502 -62.6567 -0 0.587785 0.809017 1 0 0 0 0.809017 -0.587785 2444.dat
1 0 -38.0747 -177.7502 -69.1288 0.809017 0.587785 0 0 0 -1 -0.587785 0.809017 0 2412b.dat
1 0 -27.7885 -167.7502 -54.971 -0.809017 0 -0.587785 0 1 0 0.587785 0 -0.809017 4589.dat
1 151 89.2503 -272.0001 107.7543 -0 0 1 1 0 0 0 1 0 4624.dat
1 0 97.2503 -272.0001 107.7543 -0 0 1 1 0 0 0 1 0 3139.dat
1 0 117.7501 -272.0001 107.7543 -0 0 1 1 0 0 0 1 0 3139.dat
1 151 110.7501 -272.0001 107.7543 0 0 -1 -1 0 -0 0 1 0 4624.dat
1 151 -30.7496 -272.0001 107.7543 -0 0 1 1 0 0 0 1 0 4624.dat
1 0 -22.7496 -272.0001 107.7543 -0 0 1 1 0 0 0 1 0 3139.dat
1 0 -2.2498 -272.0001 107.7543 -0 0 1 1 0 0 0 1 0 3139.dat
1 151 -9.2498 -272.0001 107.7543 0 0 -1 -1 0 -0 0 1 0 4624.dat
1 4 95.9665 -247.7501 -55.5615 -0 -0.587786 0.809017 1 0 0 -0 0.809017 0.587786 6134.dat
1 15 118.1636 -197.7502 -69.1001 -0.809017 -0.587786 -0 -0 0 1 -0.587786 0.809017 -0 6069.dat
1 14 108.7589 -207.7502 -56.1558 0 -0.587786 0.809017 1 0 0 0 0.809017 0.587786 3022.dat
1 4 95.9665 -207.7502 -55.5615 -0 -0.587786 0.809017 1 0 0 -0 0.809017 0.587786 6134.dat
1 1 113.4612 -187.7502 -62.628 -0 -0.587786 0.809017 1 0 0 -0 0.809017 0.587786 2444.dat
1 0 118.1635 -177.7502 -69.1001 0.809017 -0.587786 0 0 0 -1 0.587786 0.809017 0 2412b.dat
1 0 107.8772 -167.7501 -54.9424 -0.809017 0 0.587786 0 1 0 -0.587786 0 -0.809017 4589.dat
